  33 156
! 0 0
" 0 0
# 0 0
$ 0 0
% 0 0
& 0 0
' 0 0
( 0 0
) 0 0
* 0 0
+ 0 0
, 0 0
- 0 0
. 0 0
/ 0 0
0 0 0
1 0 0
2 0 0
3 0 0
4 0 0
5 0 0
6 0 0
7 0 0
8 0 0
9 0 0
: 0 0
; 0 0
< 0 0
= 0 0
> 0 0
? 0 0
@ 0 0
A 0 0
B 0 0
C 0 0
D 0 0
E 0 0
F 0 0
G 0 0
H 0 0
I 0 0
J 0 0
K 0 0
L 0 0
M 0 0
N 0 0
O 0 0
P 0 0
Q 0 0
R 0 0
S 0 0
T 0 0
U 0 0
V 0 0
W 0 0
X 0 0
Y 0 0
Z 0 0
[ 0 0
\ 0 0
] 0 0
^ 0 0
_ 0 0
` 0 0
a 103 166
b 102 121
c 0 206
d 95 162
e 0 234
f 92 141
g 0 5910
h 87 118
i 70 175
j 87 142
k 108 121
l 97 138
m 99 108
n 8 171
o 93 130
p 94 131
q 109 122
r 0 2142003902
s 145 164
t 103 116
u 0 176
v 89 148
w 103 152
x 0 259
y 98 111
z 122 163
{ 0 0
| 0 0
} 0 0
