  44 95 27
! 0 0 0
" 0 0 0
# 0 0 0
$ 0 0 0
% 0 0 0
& 0 0 0
' 0 0 0
( 0 0 0
) 0 0 0
* 0 0 0
+ 0 0 0
, 0 0 0
- 0 0 0
. 0 0 0
/ 0 0 0
0 0 0 0
1 0 0 0
2 0 0 0
3 0 0 0
4 0 0 0
5 0 0 0
6 0 0 0
7 0 0 0
8 0 0 0
9 0 0 0
: 0 0 0
; 0 0 0
< 0 0 0
= 0 0 0
> 0 0 0
? 0 0 0
@ 0 0 0
A 0 0 0
B 0 0 0
C 0 0 0
D 0 0 0
E 0 0 0
F 0 0 0
G 0 0 0
H 0 0 0
I 0 0 0
J 0 0 0
K 0 0 0
L 0 0 0
M 0 0 0
N 0 0 0
O 0 0 0
P 0 0 0
Q 0 0 0
R 0 0 0
S 0 0 0
T 0 0 0
U 0 0 0
V 0 0 0
W 0 0 0
X 0 0 0
Y 0 0 0
Z 0 0 0
[ 0 0 0
\ 0 0 0
] 0 0 0
^ 0 0 0
_ 0 0 0
` 0 0 0
a 5 135 14
b 5 112 4
c 4 96 49
d 5 129 15
e 15 115 53
f 5 117 11
g 5 1760 1835
h 10 103 7
i 5 123 23
j 5 115 12
k 5 115 3
l 5 118 9
m 5 104 2
n 5 90 36
o 20 112 8
p 5 113 8
q 5 116 3
r 10 116 946951276
s 5 155 4
t 10 110 3
u 10 88 39
v 5 119 13
w 6 128 11
x 5 128 58
y 5 105 3
z 5 143 9
{ 0 0 0
| 0 0 0
} 0 0 0
