  38 143
! 0 0
" 0 0
# 0 0
$ 0 0
% 0 0
& 0 0
' 0 0
( 0 0
) 0 0
* 0 0
+ 0 0
, 0 0
- 0 0
. 0 0
/ 0 0
0 0 0
1 0 0
2 0 0
3 0 0
4 0 0
5 0 0
6 0 0
7 0 0
8 0 0
9 0 0
: 0 0
; 0 0
< 0 0
= 0 0
> 0 0
? 0 0
@ 0 0
A 0 0
B 0 0
C 0 0
D 0 0
E 0 0
F 0 0
G 0 0
H 0 0
I 0 0
J 0 0
K 0 0
L 0 0
M 0 0
N 0 0
O 0 0
P 0 0
Q 0 0
R 0 0
S 0 0
T 0 0
U 0 0
V 0 0
W 0 0
X 0 0
Y 0 0
Z 0 0
[ 0 0
\ 0 0
] 0 0
^ 0 0
_ 0 0
` 0 0
a 31 222
b 93 120
c 0 2005519031
d 110 177
e 35 234
f 92 133
g 105 182
h 86 117
i 59 186
j 96 145
k 18 177
l 88 125
m 97 124
n 88 133
o 100 119
p 88 143
q 87 124
r 29 246
s 121 198
t 83 150
u 49 154
v 76 221
w 95 150
x 128 177
y 94 107
z 120 161
{ 0 0
| 0 0
} 0 0
