  108 91 23
! 0 0 0
" 0 0 0
# 0 0 0
$ 0 0 0
% 0 0 0
& 0 0 0
' 0 0 0
( 0 0 0
) 0 0 0
* 0 0 0
+ 0 0 0
, 0 0 0
- 0 0 0
. 0 0 0
/ 0 0 0
0 0 0 0
1 0 0 0
2 0 0 0
3 0 0 0
4 0 0 0
5 0 0 0
6 0 0 0
7 0 0 0
8 0 0 0
9 0 0 0
: 0 0 0
; 0 0 0
< 0 0 0
= 0 0 0
> 0 0 0
? 0 0 0
@ 0 0 0
A 0 0 0
B 0 0 0
C 0 0 0
D 0 0 0
E 0 0 0
F 0 0 0
G 0 0 0
H 0 0 0
I 0 0 0
J 0 0 0
K 0 0 0
L 0 0 0
M 0 0 0
N 0 0 0
O 0 0 0
P 0 0 0
Q 0 0 0
R 0 0 0
S 0 0 0
T 0 0 0
U 0 0 0
V 0 0 0
W 0 0 0
X 0 0 0
Y 0 0 0
Z 0 0 0
[ 0 0 0
\ 0 0 0
] 0 0 0
^ 0 0 0
_ 0 0 0
` 0 0 0
a 19 127 42
b 9 107 6
c 13 136 886613128
d 11 144 15
e 26 135 44
f 16 113 9
g 9 144 17
h 25 102 7
i 18 123 28
j 9 121 11
k 10 98 35
l 24 107 8
m 9 111 6
n 11 111 10
o 51 110 4
p 9 116 12
q 8 106 8
r 20 138 48
s 9 160 17
t 19 117 15
u 19 102 23
v 9 149 32
w 12 123 12
x 14 153 11
y 11 101 3
z 13 141 9
{ 0 0 0
| 0 0 0
} 0 0 0
