  35 140
! 0 0
" 0 0
# 0 0
$ 0 0
% 0 0
& 0 0
' 0 0
( 0 0
) 0 0
* 0 0
+ 0 0
, 0 0
- 0 0
. 0 0
/ 0 0
0 0 0
1 0 0
2 0 0
3 0 0
4 0 0
5 0 0
6 0 0
7 0 0
8 0 0
9 0 0
: 0 0
; 0 0
< 0 0
= 0 0
> 0 0
? 0 0
@ 0 0
A 0 0
B 0 0
C 0 0
D 0 0
E 0 0
F 0 0
G 0 0
H 0 0
I 0 0
J 0 0
K 0 0
L 0 0
M 0 0
N 0 0
O 0 0
P 0 0
Q 0 0
R 0 0
S 0 0
T 0 0
U 0 0
V 0 0
W 0 0
X 0 0
Y 0 0
Z 0 0
[ 0 0
\ 0 0
] 0 0
^ 0 0
_ 0 0
` 0 0
a 96 137
b 67 130
c 0 176
d 102 111
e 29 178
f 86 109
g 100 137
h 85 122
i 88 115
j 87 114
k 84 111
l 98 135
m 101 110
n 0 135
o 55 136
p 94 125
q 83 142
r 95 108
s 86 127
t 83 128
u 80 107
v 90 121
w 87 118
x 66 161
y 97 106
z 98 161
{ 0 0
| 0 0
} 0 0
