  35 88 23
! 0 0 0
" 0 0 0
# 0 0 0
$ 0 0 0
% 0 0 0
& 0 0 0
' 0 0 0
( 0 0 0
) 0 0 0
* 0 0 0
+ 0 0 0
, 0 0 0
- 0 0 0
. 0 0 0
/ 0 0 0
0 0 0 0
1 0 0 0
2 0 0 0
3 0 0 0
4 0 0 0
5 0 0 0
6 0 0 0
7 0 0 0
8 0 0 0
9 0 0 0
: 0 0 0
; 0 0 0
< 0 0 0
= 0 0 0
> 0 0 0
? 0 0 0
@ 0 0 0
A 0 0 0
B 0 0 0
C 0 0 0
D 0 0 0
E 0 0 0
F 0 0 0
G 0 0 0
H 0 0 0
I 0 0 0
J 0 0 0
K 0 0 0
L 0 0 0
M 0 0 0
N 0 0 0
O 0 0 0
P 0 0 0
Q 0 0 0
R 0 0 0
S 0 0 0
T 0 0 0
U 0 0 0
V 0 0 0
W 0 0 0
X 0 0 0
Y 0 0 0
Z 0 0 0
[ 0 0 0
\ 0 0 0
] 0 0 0
^ 0 0 0
_ 0 0 0
` 0 0 0
a 4 117 9
b 4 99 14
c 4 81 42
d 4 107 2
e 12 104 33
f 4 98 5
g 3 119 8
h 9 104 8
i 4 102 6
j 3 101 6
k 4 98 6
l 4 117 8
m 4 106 2
n 4 27 48
o 16 96 18
p 4 110 7
q 4 113 13
r 8 102 3
s 4 107 9
t 8 106 10
u 8 94 6
v 4 106 7
w 4 103 7
x 5 114 21
y 4 102 2
z 4 130 14
{ 0 0 0
| 0 0 0
} 0 0 0
