  26 95 11
! 0 0 0
" 0 0 0
# 0 0 0
$ 0 0 0
% 0 0 0
& 0 0 0
' 0 0 0
( 0 0 0
) 0 0 0
* 0 0 0
+ 0 0 0
, 0 0 0
- 0 0 0
. 0 0 0
/ 0 0 0
0 0 0 0
1 0 0 0
2 0 0 0
3 0 0 0
4 0 0 0
5 0 0 0
6 0 0 0
7 0 0 0
8 0 0 0
9 0 0 0
: 0 0 0
; 0 0 0
< 0 0 0
= 0 0 0
> 0 0 0
? 0 0 0
@ 0 0 0
A 0 0 0
B 0 0 0
C 0 0 0
D 0 0 0
E 0 0 0
F 0 0 0
G 0 0 0
H 0 0 0
I 0 0 0
J 0 0 0
K 0 0 0
L 0 0 0
M 0 0 0
N 0 0 0
O 0 0 0
P 0 0 0
Q 0 0 0
R 0 0 0
S 0 0 0
T 0 0 0
U 0 0 0
V 0 0 0
W 0 0 0
X 0 0 0
Y 0 0 0
Z 0 0 0
[ 0 0 0
\ 0 0 0
] 0 0 0
^ 0 0 0
_ 0 0 0
` 0 0 0
a 3 93 9
b 3 92 14
c 3 99 3
d 3 74 7
e 9 94 946951277
f 3 90 9
g 3 93 6
h 6 68 22
i 3 84 10
j 3 85 3
k 3 81 4
l 3 98 7
m 3 96 0
n 3 87 1
o 12 87 7
p 3 69 34
q 3 77 12
r 6 76 28
s 3 82 13
t 6 87 6
u 6 76 5
v 3 104 6
w 3 68 9
x 3 80 12
y 3 80 6
z 3 93 6
{ 0 0 0
| 0 0 0
} 0 0 0
