  70 119
! 0 0
" 0 0
# 0 0
$ 0 0
% 0 0
& 0 0
' 0 0
( 0 0
) 0 0
* 0 0
+ 0 0
, 0 0
- 0 0
. 0 0
/ 0 0
0 0 0
1 0 0
2 0 0
3 0 0
4 0 0
5 0 0
6 0 0
7 0 0
8 0 0
9 0 0
: 0 0
; 0 0
< 0 0
= 0 0
> 0 0
? 0 0
@ 0 0
A 0 0
B 0 0
C 0 0
D 0 0
E 0 0
F 0 0
G 0 0
H 0 0
I 0 0
J 0 0
K 0 0
L 0 0
M 0 0
N 0 0
O 0 0
P 0 0
Q 0 0
R 0 0
S 0 0
T 0 0
U 0 0
V 0 0
W 0 0
X 0 0
Y 0 0
Z 0 0
[ 0 0
\ 0 0
] 0 0
^ 0 0
_ 0 0
` 0 0
a 72 113
b 60 123
c 92 105
d 58 89
e 0 2142003882
f 69 110
g 79 106
h 18 117
i 61 106
j 78 91
k 71 90
l 82 113
m 96 96
n 84 89
o 71 102
p 0 145
q 49 104
r 12 139
s 52 111
t 73 100
u 64 87
v 90 117
w 47 88
x 52 107
y 66 93
z 79 106
{ 0 0
| 0 0
} 0 0
