  36 68 28
! 0 0 0
" 0 0 0
# 0 0 0
$ 0 0 0
% 0 0 0
& 0 0 0
' 0 0 0
( 0 0 0
) 0 0 0
* 0 0 0
+ 0 0 0
, 0 0 0
- 0 0 0
. 0 0 0
/ 0 0 0
0 0 0 0
1 0 0 0
2 0 0 0
3 0 0 0
4 0 0 0
5 0 0 0
6 0 0 0
7 0 0 0
8 0 0 0
9 0 0 0
: 0 0 0
; 0 0 0
< 0 0 0
= 0 0 0
> 0 0 0
? 0 0 0
@ 0 0 0
A 0 0 0
B 0 0 0
C 0 0 0
D 0 0 0
E 0 0 0
F 0 0 0
G 0 0 0
H 0 0 0
I 0 0 0
J 0 0 0
K 0 0 0
L 0 0 0
M 0 0 0
N 0 0 0
O 0 0 0
P 0 0 0
Q 0 0 0
R 0 0 0
S 0 0 0
T 0 0 0
U 0 0 0
V 0 0 0
W 0 0 0
X 0 0 0
Y 0 0 0
Z 0 0 0
[ 0 0 0
\ 0 0 0
] 0 0 0
^ 0 0 0
_ 0 0 0
` 0 0 0
a 4 71 35
b 4 104 8
c 4 0 0
d 4 89 44
e 12 41 780179748
f 4 43 62
g 4 85 55
h 8 31 44
i 5 97 6
j 4 91 4
k 4 95 10
l 4 0 0
m 4 92 6
n 4 105 6
o 16 69 35
p 4 102 9
q 4 32 56
r 8 86 13
s 4 141 1239850261
t 8 87 8
u 7 89 20
v 4 64 35
w 4 108 1012333498
x 4 35 60
y 4 91 7
z 4 126 4
{ 0 0 0
| 0 0 0
} 0 0 0
