  4 131
! 0 0
" 0 0
# 0 0
$ 0 0
% 0 0
& 0 0
' 0 0
( 0 0
) 0 0
* 0 0
+ 0 0
, 0 0
- 0 0
. 0 0
/ 0 0
0 0 0
1 0 0
2 0 0
3 0 0
4 0 0
5 0 0
6 0 0
7 0 0
8 0 0
9 0 0
: 0 0
; 0 0
< 0 0
= 0 0
> 0 0
? 0 0
@ 0 0
A 0 0
B 0 0
C 0 0
D 0 0
E 0 0
F 0 0
G 0 0
H 0 0
I 0 0
J 0 0
K 0 0
L 0 0
M 0 0
N 0 0
O 0 0
P 0 0
Q 0 0
R 0 0
S 0 0
T 0 0
U 0 0
V 0 0
W 0 0
X 0 0
Y 0 0
Z 0 0
[ 0 0
\ 0 0
] 0 0
^ 0 0
_ 0 0
` 0 0
a 0 150
b 85 122
c 0 0
d 0 188
e 0 1764766630
f 0 183
g 0 209
h 0 130
i 83 110
j 81 100
k 72 117
l 0 0
m 78 105
n 91 118
o 0 148
p 81 122
q 0 158
r 56 115
s 0 -2147483648
t 68 105
u 43 134
v 0 143
w 0 -2147483648
x 0 170
y 75 106
z 116 135
{ 0 0
| 0 0
} 0 0
