  26 57 4
! 0 0 0
" 0 0 0
# 0 0 0
$ 0 0 0
% 0 0 0
& 0 0 0
' 0 0 0
( 0 0 0
) 0 0 0
* 0 0 0
+ 0 0 0
, 0 0 0
- 0 0 0
. 0 0 0
/ 0 0 0
0 0 0 0
1 0 0 0
2 0 0 0
3 0 0 0
4 0 0 0
5 0 0 0
6 0 0 0
7 0 0 0
8 0 0 0
9 0 0 0
: 0 0 0
; 0 0 0
< 0 0 0
= 0 0 0
> 0 0 0
? 0 0 0
@ 0 0 0
A 0 0 0
B 0 0 0
C 0 0 0
D 0 0 0
E 0 0 0
F 0 0 0
G 0 0 0
H 0 0 0
I 0 0 0
J 0 0 0
K 0 0 0
L 0 0 0
M 0 0 0
N 0 0 0
O 0 0 0
P 0 0 0
Q 0 0 0
R 0 0 0
S 0 0 0
T 0 0 0
U 0 0 0
V 0 0 0
W 0 0 0
X 0 0 0
Y 0 0 0
Z 0 0 0
[ 0 0 0
\ 0 0 0
] 0 0 0
^ 0 0 0
_ 0 0 0
` 0 0 0
a 3 87 13
b 3 85 3
c 3 96 6
d 3 93 3
e 9 81 6
f 3 85 3
g 3 85 14
h 6 70 4
i 3 56 0
j 3 66 7
k 3 69 12
l 3 69 3
m 3 64 6
n 3 66 7
o 12 70 5
p 3 71 5
q 3 90 4
r 6 81 4
s 3 90 3
t 6 81 1
u 6 57 1
v 3 80 0
w 3 85 6
x 3 90 3
y 3 85 6
z 3 88 0
{ 0 0 0
| 0 0 0
} 0 0 0
