  47 66
! 0 0
" 0 0
# 0 0
$ 0 0
% 0 0
& 0 0
' 0 0
( 0 0
) 0 0
* 0 0
+ 0 0
, 0 0
- 0 0
. 0 0
/ 0 0
0 0 0
1 0 0
2 0 0
3 0 0
4 0 0
5 0 0
6 0 0
7 0 0
8 0 0
9 0 0
: 0 0
; 0 0
< 0 0
= 0 0
> 0 0
? 0 0
@ 0 0
A 0 0
B 0 0
C 0 0
D 0 0
E 0 0
F 0 0
G 0 0
H 0 0
I 0 0
J 0 0
K 0 0
L 0 0
M 0 0
N 0 0
O 0 0
P 0 0
Q 0 0
R 0 0
S 0 0
T 0 0
U 0 0
V 0 0
W 0 0
X 0 0
Y 0 0
Z 0 0
[ 0 0
\ 0 0
] 0 0
^ 0 0
_ 0 0
` 0 0
a 57 116
b 78 91
c 82 109
d 86 99
e 67 94
f 78 91
g 53 116
h 60 79
i 56 56
j 50 81
k 41 96
l 62 75
m 50 77
n 50 81
o 58 81
p 59 82
q 80 99
r 71 90
s 83 96
t 78 83
u 54 59
v 80 80
w 71 98
x 83 96
y 71 98
z 88 88
{ 0 0
| 0 0
} 0 0
